5000 107
6000 102
7000 101
8000 102
9000 107
10000 106
11000 106
12000 106
13000 106
14000 229
15000 124
16000 113
17000 135
18000 139
19000 135
20000 118
21000 129
22000 133
23000 112
24000 131
25000 137
26000 134
27000 134
28000 128
29000 135
30000 136
31000 136
32000 130
33000 144
34000 138
35000 132
36000 140
37000 121
38000 124
39000 126
40000 118
41000 122
42000 120
43000 120
44000 117
45000 134
46000 150
47000 144
48000 142
49000 136
50000 129
51000 137
52000 134
53000 134
54000 146
55000 142
56000 132
57000 145
58000 143
59000 141
60000 129
61000 142
62000 128
63000 124
64000 132
65000 119
66000 136
67000 140
68000 142
69000 148
70000 148
71000 137
72000 243
73000 153
74000 139
75000 142
76000 135
77000 149
78000 167
79000 148
80000 141
81000 140
82000 139
83000 127
84000 182
85000 165
86000 147
87000 147
88000 145
89000 134
90000 146
91000 135
92000 149
93000 136
94000 145
95000 153
96000 143
97000 145
98000 220
99000 147
100000 147
101000 144
102000 145
103000 139
104000 138
105000 138
106000 138
107000 139
108000 140
109000 148
110000 131
111000 136
112000 148
113000 135
114000 147
115000 142
116000 133
117000 143
118000 145
119000 148
120000 154
121000 136
122000 146
123000 145
124000 148
125000 142
126000 139
127000 143
128000 152
129000 145
130000 147
131000 133
132000 142
133000 129
134000 130
135000 136
136000 140
137000 129
138000 146
139000 151
140000 153
141000 143
142000 143
143000 153
144000 144
145000 139
146000 141
147000 163
148000 143
149000 140
150000 150
151000 129
152000 137
153000 134
154000 128
155000 133
156000 173
157000 152
158000 154
159000 130
160000 143
161000 136
162000 151
163000 159
164000 161
165000 151
166000 144
167000 152
168000 142
169000 145
170000 143
171000 153
172000 140
173000 138
174000 279
175000 156
176000 207
177000 151
178000 152
179000 184
180000 140
181000 130
182000 180
183000 129
184000 133
185000 129
186000 133
187000 128
188000 127
189000 153
190000 150
191000 137
192000 163
193000 152
194000 154
195000 128
196000 191
197000 151
198000 142
199000 144
200000 157
201000 143
202000 157
203000 150
204000 139
205000 143
206000 130
207000 145
208000 152
209000 152
210000 151
211000 149
212000 152
213000 152
214000 152
215000 155
216000 142
217000 131
218000 144
219000 143
220000 154
221000 154
222000 142
223000 131
224000 121
225000 144
226000 152
227000 135
228000 153
229000 153
230000 154
231000 153
232000 145
233000 138
234000 130
235000 145
236000 141
237000 155
238000 149
239000 139
240000 153
241000 150
242000 673
243000 195
244000 157
245000 164
246000 120
247000 130
248000 166
249000 152
250000 121
251000 121
252000 121
253000 126
254000 184
255000 154
256000 159
257000 147
258000 121
259000 120
260000 120
261000 122
262000 121
263000 125
264000 132
265000 125
266000 125
267000 125
268000 125
269000 154
270000 126
271000 136
272000 146
273000 163
274000 161
275000 171
276000 159
277000 154
278000 134
279000 147
280000 192
281000 143
282000 154
283000 171
284000 161
285000 163
286000 191
287000 171
288000 147
289000 139
290000 172
291000 144
292000 137
293000 125
294000 139
295000 126
296000 126
297000 125
298000 124
299000 131
300000 124
301000 159
302000 188
303000 134
304000 164
305000 158
306000 157
307000 161
308000 160
309000 152
310000 164
311000 162
312000 159
313000 145
314000 173
315000 163
316000 134
317000 176
318000 157
319000 140
320000 157
321000 146
322000 161
323000 159
324000 160
325000 158
326000 134
327000 134
328000 134
329000 158
330000 176
331000 158
332000 124
333000 160
334000 142
335000 140
336000 134
337000 124
338000 155
339000 126
340000 134
341000 131
342000 135
343000 142
344000 150
345000 133
346000 134
347000 133
348000 124
349000 133
350000 134
351000 150
352000 157
353000 134
354000 134
355000 153
356000 134
357000 142
358000 155
359000 158
360000 153
361000 135
362000 125
363000 134
364000 134
365000 161
366000 151
367000 152
368000 158
369000 159
370000 134
371000 135
372000 134
373000 159
374000 187
375000 156
376000 161
377000 134
378000 134
379000 133
380000 134
381000 133
382000 159
383000 134
384000 210
385000 134
386000 157
387000 135
388000 135
389000 134
390000 134
391000 134
392000 148
393000 157
394000 134
395000 140
396000 128
397000 155
398000 130
399000 133
400000 133
401000 133
402000 134
403000 136
404000 174
405000 133
406000 134
407000 134
408000 200
409000 135
410000 133
411000 135
412000 151
413000 158
414000 134
415000 134
416000 134
417000 144
418000 135
419000 134
420000 131
421000 134
422000 160
423000 159
424000 134
425000 134
426000 125
427000 133
428000 134
429000 135
430000 167
431000 149
432000 134
433000 135
434000 134
435000 134
436000 143
437000 133
438000 135
439000 166
440000 134
441000 201
442000 166
443000 135
444000 134
445000 165
446000 161
447000 133
448000 158
449000 156
450000 134
451000 135
452000 134
453000 143
454000 145
455000 139
456000 133
457000 134
458000 134
459000 134
460000 134
461000 144
462000 133
463000 135
464000 135
465000 160
466000 155
467000 134
468000 158
469000 163
470000 138
471000 158
472000 134
473000 134
474000 158
475000 135
476000 134
477000 156
478000 148
479000 135
480000 135
481000 198
482000 139
483000 140
484000 134
485000 134
486000 151
487000 133
488000 194
489000 135
490000 158
491000 194
492000 134
493000 152
494000 151
495000 134
496000 142
497000 135
498000 134
499000 182
500000 135
501000 135
502000 143
503000 169
504000 164
505000 164
506000 170
507000 164
508000 138
509000 157
510000 155
