5000 10
6000 11
7000 17
8000 14
9000 36
10000 30
11000 22
12000 33
13000 32
14000 25
15000 36
16000 28
17000 39
18000 32
19000 34
20000 37
21000 53
22000 39
23000 50
24000 43
25000 60
26000 63
27000 60
28000 50
29000 75
30000 73
31000 55
32000 66
33000 59
34000 71
35000 73
36000 68
37000 66
38000 81
39000 85
40000 72
41000 73
42000 95
43000 92
44000 107
45000 90
46000 87
47000 113
48000 101
49000 106
50000 102
51000 117
52000 131
53000 124
54000 116
55000 110
56000 109
57000 121
58000 118
59000 112
60000 131
61000 127
62000 126
63000 135
64000 117
65000 134
66000 147
67000 135
68000 155
69000 131
70000 138
71000 127
72000 130
73000 152
74000 155
75000 141
76000 157
77000 159
78000 162
79000 152
80000 144
81000 145
82000 148
83000 161
84000 152
85000 159
86000 172
87000 183
88000 158
89000 172
90000 171
91000 189
92000 168
93000 167
94000 178
95000 173
96000 203
97000 185
98000 199
99000 183
100000 197
101000 207
102000 196
103000 195
104000 217
105000 199
106000 200
107000 205
108000 207
109000 210
110000 225
111000 212
112000 209
113000 217
114000 231
115000 217
116000 220
117000 238
118000 226
119000 230
120000 244
121000 247
122000 233
123000 274
124000 233
125000 227
126000 253
127000 232
128000 234
129000 243
130000 239
131000 246
132000 256
133000 256
134000 257
135000 257
136000 249
137000 260
138000 260
139000 254
140000 270
141000 256
142000 288
143000 270
144000 290
145000 273
146000 275
147000 295
148000 279
149000 297
150000 288
151000 289
152000 291
153000 304
154000 281
155000 282
156000 293
157000 284
158000 287
159000 301
160000 290
161000 293
162000 312
163000 315
164000 316
165000 318
166000 319
167000 342
168000 326
169000 332
170000 309
171000 311
172000 313
173000 324
174000 330
175000 320
176000 335
177000 324
178000 354
179000 332
180000 337
181000 333
182000 340
183000 354
184000 335
185000 351
186000 360
187000 341
188000 345
189000 354
190000 367
191000 365
192000 349
193000 380
194000 371
195000 378
196000 357
197000 374
198000 383
199000 379
200000 387
201000 378
202000 381
203000 380
204000 399
205000 384
206000 374
207000 386
208000 387
209000 394
210000 393
211000 409
212000 406
213000 388
214000 404
215000 417
216000 394
217000 423
218000 419
219000 417
220000 423
221000 410
222000 435
223000 407
224000 417
225000 427
226000 412
227000 414
228000 416
229000 437
230000 419
231000 422
232000 423
233000 435
234000 441
235000 428
236000 451
237000 444
238000 433
239000 460
240000 452
241000 442
242000 489
243000 444
244000 461
245000 450
246000 466
247000 496
248000 473
249000 455
250000 464
251000 485
252000 477
253000 491
254000 477
255000 488
256000 483
257000 480
258000 493
259000 506
260000 489
261000 479
262000 495
263000 480
264000 481
265000 496
266000 492
267000 505
268000 510
269000 509
270000 519
271000 495
272000 503
273000 531
274000 501
275000 537
276000 503
277000 516
278000 508
279000 509
280000 540
281000 513
282000 523
283000 516
284000 536
285000 531
286000 545
287000 557
288000 535
289000 596
290000 552
291000 545
292000 533
293000 562
294000 546
295000 538
296000 546
297000 542
298000 558
299000 546
300000 547
301000 554
302000 583
303000 552
304000 593
305000 571
306000 588
307000 560
308000 576
309000 591
310000 583
311000 585
312000 570
313000 616
314000 583
315000 582
316000 586
317000 586
318000 586
319000 617
320000 597
321000 610
322000 588
323000 604
324000 591
325000 596
326000 621
327000 599
328000 615
329000 601
330000 604
331000 604
332000 632
333000 616
334000 610
335000 632
336000 624
337000 615
338000 630
339000 627
340000 657
341000 631
342000 637
343000 657
344000 642
345000 651
346000 630
347000 653
348000 636
349000 637
350000 638
351000 641
352000 646
353000 672
354000 647
355000 658
356000 676
357000 652
358000 663
359000 667
360000 674
361000 677
362000 670
363000 662
364000 667
365000 690
366000 670
367000 673
368000 676
369000 689
370000 675
371000 677
372000 701
373000 682
374000 694
375000 696
376000 697
377000 689
378000 689
379000 724
380000 695
381000 707
382000 720
383000 699
384000 736
385000 715
386000 723
387000 706
388000 708
389000 710
390000 713
391000 714
392000 715
393000 717
394000 720
395000 721
396000 733
397000 737
398000 737
399000 743
400000 739
401000 760
402000 734
403000 737
404000 737
405000 745
406000 774
407000 759
408000 784
409000 746
410000 748
411000 751
412000 755
413000 776
414000 756
415000 764
416000 775
417000 791
418000 779
419000 765
420000 766
421000 769
422000 770
423000 785
424000 782
425000 832
426000 792
427000 805
428000 787
429000 802
430000 797
431000 794
432000 791
433000 790
434000 811
435000 794
436000 810
437000 819
438000 814
439000 825
440000 824
441000 821
442000 831
443000 827
444000 810
445000 813
446000 814
447000 837
448000 831
449000 827
450000 836
451000 832
452000 834
453000 831
454000 834
455000 833
456000 867
457000 850
458000 875
459000 857
460000 850
461000 855
462000 858
463000 845
464000 852
465000 854
466000 879
467000 852
468000 869
469000 879
470000 900
471000 870
472000 875
473000 917
474000 881
475000 869
476000 892
477000 896
478000 887
479000 878
480000 875
481000 898
482000 880
483000 881
484000 899
485000 892
486000 886
487000 891
488000 892
489000 892
490000 907
491000 924
492000 922
493000 910
494000 924
495000 904
496000 907
497000 939
498000 924
499000 945
500000 929
501000 915
502000 923
503000 941
504000 932
505000 936
506000 924
507000 926
508000 938
509000 940
510000 967
