5000 17
15000 159
25000 434
35000 859
45000 1416
55000 2102
65000 2939
75000 3911
85000 5027
95000 6370
105000 7675
115000 10268
125000 10924
135000 13510
145000 15393
155000 18120
165000 21400
175000 24373
185000 28877
195000 31020
205000 33897
215000 41810
225000 40334
235000 44399
245000 48106
255000 53102
265000 58934
275000 64956
285000 66555
295000 72193
305000 77285
315000 82220
325000 89031
335000 94750
345000 99758
355000 105331
365000 111207
375000 116118
385000 121898
395000 129973
405000 138658
415000 146942
425000 153616
435000 159172
445000 167622
455000 175170
465000 183993
475000 190959
485000 198142
495000 206152
505000 222712
