5000 11
6000 31
7000 15
8000 17
9000 19
10000 22
11000 24
12000 23
13000 23
14000 25
15000 27
16000 29
17000 49
18000 32
19000 53
20000 36
21000 38
22000 40
23000 49
24000 43
25000 53
26000 47
27000 66
28000 52
29000 69
30000 65
31000 68
32000 71
33000 60
34000 80
35000 66
36000 71
37000 78
38000 91
39000 71
40000 73
41000 88
42000 76
43000 91
44000 105
45000 82
46000 94
47000 100
48000 105
49000 90
50000 114
51000 93
52000 113
53000 110
54000 108
55000 114
56000 126
57000 118
58000 119
59000 121
60000 109
61000 115
62000 113
63000 134
64000 117
65000 134
66000 120
67000 133
68000 140
69000 139
70000 141
71000 141
72000 133
73000 148
74000 138
75000 137
76000 179
77000 153
78000 158
79000 145
80000 146
81000 153
82000 164
83000 160
84000 153
85000 166
86000 170
87000 176
88000 167
89000 163
90000 175
91000 190
92000 181
93000 171
94000 202
95000 191
96000 175
97000 184
98000 180
99000 198
100000 192
101000 205
102000 225
103000 198
104000 190
105000 242
106000 207
107000 206
108000 197
109000 208
110000 206
111000 235
112000 206
113000 232
114000 233
115000 244
116000 222
117000 233
118000 226
119000 222
120000 238
121000 230
122000 244
123000 270
124000 245
125000 229
126000 258
127000 237
128000 242
129000 254
130000 257
131000 269
132000 352
133000 246
134000 252
135000 280
136000 293
137000 282
138000 268
139000 259
140000 282
141000 282
142000 272
143000 275
144000 280
145000 292
146000 275
147000 273
148000 273
149000 303
150000 284
151000 331
152000 282
153000 291
154000 315
155000 302
156000 289
157000 328
158000 300
159000 293
160000 305
161000 297
162000 310
163000 321
164000 314
165000 328
166000 315
167000 326
168000 323
169000 328
170000 314
171000 321
172000 332
173000 320
174000 322
175000 338
176000 355
177000 327
178000 342
179000 339
180000 344
181000 349
182000 360
183000 348
184000 365
185000 345
186000 344
187000 364
188000 375
189000 362
190000 364
191000 370
192000 356
193000 377
194000 389
195000 369
196000 379
197000 364
198000 368
199000 387
200000 391
201000 383
202000 403
203000 400
204000 398
205000 398
206000 382
207000 383
208000 402
209000 409
210000 404
211000 402
212000 403
213000 400
214000 401
215000 410
216000 403
217000 411
218000 438
219000 427
220000 409
221000 439
222000 439
223000 412
224000 417
225000 447
226000 419
227000 427
228000 439
229000 423
230000 430
231000 437
232000 430
233000 442
234000 449
235000 445
236000 455
237000 468
238000 456
239000 466
240000 455
241000 457
242000 447
243000 466
244000 455
245000 465
246000 461
247000 458
248000 460
249000 471
250000 465
251000 486
252000 484
253000 487
254000 492
255000 486
256000 494
257000 476
258000 502
259000 552
260000 522
261000 490
262000 496
263000 506
264000 521
265000 496
266000 491
267000 494
268000 524
269000 501
270000 509
271000 525
272000 504
273000 523
274000 536
275000 509
276000 541
277000 530
278000 517
279000 543
280000 547
281000 541
282000 549
283000 540
284000 565
285000 546
286000 545
287000 572
288000 534
289000 543
290000 546
291000 554
292000 575
293000 553
294000 546
295000 547
296000 549
297000 560
298000 566
299000 562
300000 605
301000 574
302000 589
303000 573
304000 594
305000 591
306000 608
307000 597
308000 602
309000 595
310000 579
311000 581
312000 581
313000 601
314000 597
315000 589
316000 614
317000 605
318000 599
319000 611
320000 594
321000 616
322000 611
323000 616
324000 751
325000 618
326000 619
327000 634
328000 626
329000 610
330000 718
331000 651
332000 628
333000 634
334000 633
335000 620
336000 643
337000 670
338000 634
339000 630
340000 645
341000 658
342000 644
343000 666
344000 677
345000 666
346000 643
347000 644
348000 665
349000 677
350000 651
351000 683
352000 667
353000 664
354000 663
355000 695
356000 660
357000 681
358000 693
359000 676
360000 670
361000 679
362000 674
363000 681
364000 701
365000 697
366000 698
367000 682
368000 697
369000 724
370000 699
371000 698
372000 714
373000 701
374000 718
375000 710
376000 710
377000 716
378000 711
379000 714
380000 737
381000 718
382000 727
383000 739
384000 804
385000 724
386000 722
387000 760
388000 740
389000 739
390000 747
391000 729
392000 729
393000 728
394000 761
395000 759
396000 748
397000 773
398000 740
399000 751
400000 740
401000 758
402000 757
403000 749
404000 762
405000 770
406000 774
407000 780
408000 759
409000 761
410000 772
411000 770
412000 817
413000 778
414000 781
415000 786
416000 772
417000 778
418000 810
419000 792
420000 782
421000 784
422000 795
423000 797
424000 797
425000 802
426000 810
427000 793
428000 809
429000 830
430000 799
431000 829
432000 836
433000 806
434000 821
435000 836
436000 813
437000 816
438000 836
439000 838
440000 838
441000 838
442000 836
443000 823
444000 862
445000 839
446000 845
447000 863
448000 843
449000 849
450000 854
451000 846
452000 863
453000 870
454000 864
455000 879
456000 877
457000 855
458000 866
459000 869
460000 895
461000 867
462000 858
463000 866
464000 870
465000 901
466000 877
467000 882
468000 867
469000 871
470000 901
471000 908
472000 914
473000 889
474000 899
475000 883
476000 928
477000 904
478000 893
479000 892
480000 916
481000 933
482000 919
483000 908
484000 911
485000 913
486000 915
487000 922
488000 921
489000 921
490000 911
491000 910
492000 931
493000 925
494000 926
495000 927
496000 944
497000 923
498000 943
499000 942
500000 940
501000 930
502000 957
503000 937
504000 943
505000 970
506000 992
507000 946
508000 950
509000 947
510000 966
