5000 17441
10000 36619
15000 54688
20000 72358
25000 89801
30000 109777
35000 126409
40000 147547
45000 162274
50000 181383
55000 206732
60000 217744
65000 238967
70000 254172
75000 277240
80000 289233
85000 304678
90000 326878
95000 334925
100000 360934
105000 377335
110000 395406
115000 394663
120000 352478
125000 332818
130000 354849
135000 360768
140000 378304
145000 388853
150000 396480
155000 419011
160000 428444
165000 439068
170000 454023
175000 466956
180000 475036
185000 496150
190000 502577
195000 518790
200000 526441
205000 549067
210000 555987
215000 585505
220000 605158
225000 601774
230000 615460
235000 630867
240000 636593
245000 649845
250000 664098
255000 678942
260000 700656
265000 709111
270000 713624
275000 733325
280000 748269
285000 758041
290000 764639
295000 789555
300000 812562
305000 815408
310000 816853
315000 833113
320000 855083
325000 871058
330000 874750
335000 887798
340000 906444
345000 914723
350000 937196
355000 939766
360000 963328
365000 971894
370000 995268
375000 994442
380000 1013487
385000 1036981
390000 1028894
395000 1042230
400000 1079414
405000 1075169
410000 1090390
415000 1102450
420000 1124011
425000 1131837
430000 1148527
435000 1168976
440000 1176274
445000 1204322
450000 1196077
455000 1221333
460000 1221211
465000 1236362
470000 1231109
475000 1275183
480000 1283547
485000 1289359
490000 1297079
495000 1312894
500000 1326464
505000 1331999
510000 1356353
