5000 12430
10000 20695
15000 31590
20000 42075
25000 52325
30000 61864
35000 73302
40000 82402
45000 92839
50000 102988
55000 113505
60000 123690
65000 133917
70000 144618
75000 155286
80000 164966
85000 175242
90000 186000
95000 195746
100000 206834
105000 217107
110000 226808
115000 237394
120000 247774
125000 258378
130000 268050
135000 278262
140000 288545
145000 299244
150000 309675
155000 319847
160000 331292
165000 341735
170000 351268
175000 361073
180000 370863
185000 381862
190000 391441
195000 405040
200000 417185
205000 425832
210000 439327
215000 443617
220000 468738
225000 464637
230000 474148
235000 485326
240000 495308
245000 504835
250000 516094
255000 526990
260000 535861
265000 549269
270000 556639
275000 568063
280000 577110
285000 587038
290000 597300
295000 610309
300000 619317
305000 631180
310000 639899
315000 650173
320000 660347
325000 669791
330000 680259
335000 691246
340000 701511
345000 710778
350000 721064
355000 733837
360000 742370
365000 752684
370000 762937
375000 772831
380000 783276
385000 793248
390000 803383
395000 814672
400000 827408
405000 838604
410000 846419
415000 855941
420000 867070
425000 878626
430000 889351
435000 900750
440000 908699
445000 918463
450000 930244
455000 942636
460000 950509
465000 960131
470000 970293
475000 983586
480000 989749
485000 1003048
490000 1013770
495000 1026104
500000 1036223
505000 1041344
510000 1051272
