5000 12884
6000 14793
7000 16707
8000 18571
9000 20460
10000 22309
11000 24171
12000 26070
13000 27972
14000 29820
15000 32509
16000 34244
17000 35570
18000 37974
19000 40504
20000 41780
21000 43245
22000 45470
23000 47926
24000 52428
25000 50735
26000 52060
27000 55885
28000 56254
29000 58648
30000 62279
31000 61894
32000 64503
33000 65553
34000 70533
35000 69988
36000 72232
37000 73156
38000 75133
39000 76890
40000 78849
41000 80768
42000 82643
43000 84502
44000 86354
45000 88231
46000 90201
47000 91873
48000 94458
49000 95767
50000 97799
51000 99614
52000 101301
53000 103297
54000 105277
55000 107772
56000 109801
57000 110928
58000 114363
59000 114422
60000 116474
61000 119220
62000 121586
63000 122957
64000 124090
65000 127118
66000 134945
67000 129729
68000 131505
69000 136047
70000 135909
71000 137258
72000 139035
73000 141281
74000 142727
75000 144745
76000 146429
77000 148474
78000 150652
79000 152084
80000 160596
81000 156097
82000 157953
83000 160151
84000 164406
85000 164417
86000 170062
87000 168897
88000 169984
89000 172091
90000 176517
91000 177910
92000 176962
93000 179163
94000 180329
95000 182234
96000 184270
97000 189326
98000 188581
99000 189909
100000 191835
101000 193732
102000 195585
103000 197409
104000 199316
105000 202206
106000 203593
107000 205748
108000 206856
109000 208772
110000 211538
111000 215177
112000 215014
113000 217515
114000 218085
115000 220240
116000 222075
117000 223846
118000 226455
119000 228625
120000 230302
121000 232379
122000 234684
123000 235489
124000 237656
125000 239495
126000 241240
127000 242648
128000 245945
129000 246536
130000 250588
131000 251696
132000 252939
133000 254481
134000 257724
135000 258073
136000 259411
137000 262150
138000 264286
139000 266662
140000 268615
141000 271821
142000 274062
143000 273031
144000 275320
145000 277881
146000 278644
147000 280456
148000 283332
149000 284264
150000 286143
151000 287990
152000 289771
153000 291720
154000 294251
155000 296214
156000 298148
157000 300224
158000 301677
159000 303004
160000 305816
161000 308782
162000 308854
163000 311322
164000 316551
165000 319487
166000 329664
167000 328819
168000 330390
169000 336675
170000 349227
171000 348327
172000 348158
173000 352916
174000 344434
175000 351576
176000 353079
177000 355699
178000 363149
179000 354836
180000 355747
181000 358689
182000 355541
183000 370307
184000 374114
185000 366984
186000 362961
187000 370602
188000 370291
189000 377319
190000 378240
191000 390493
192000 386161
193000 389425
194000 381554
195000 400586
196000 394927
197000 397002
198000 403672
199000 396798
200000 411509
201000 397723
202000 404565
203000 406935
204000 412533
205000 423428
206000 417575
207000 417655
208000 412986
209000 428320
210000 433875
211000 419355
212000 437964
213000 430213
214000 434532
215000 435819
216000 449623
217000 437712
218000 435952
219000 450811
220000 439054
221000 439861
222000 449137
223000 444859
224000 458532
225000 461651
226000 456119
227000 465267
228000 468502
229000 463272
230000 522513
231000 477222
232000 454439
233000 461740
234000 466451
235000 466665
236000 461625
237000 459142
238000 466832
239000 479677
240000 473637
241000 485918
242000 487944
243000 512683
244000 503617
245000 489661
246000 481964
247000 484432
248000 503151
249000 503850
250000 509577
251000 495648
252000 511983
253000 504599
254000 513726
255000 516333
256000 510031
257000 518152
258000 517710
259000 515771
260000 512842
261000 515065
262000 521514
263000 552484
264000 523959
265000 548999
266000 535442
267000 553944
268000 534910
269000 545448
270000 535027
271000 543696
272000 544241
273000 549089
274000 546349
275000 543670
276000 545294
277000 555913
278000 550239
279000 563328
280000 561111
281000 557170
282000 557014
283000 565308
284000 566359
285000 569344
286000 572380
287000 562830
288000 577756
289000 578031
290000 586264
291000 570950
292000 572186
293000 585728
294000 583527
295000 586256
296000 594332
297000 605714
298000 600083
299000 593966
300000 595167
301000 612633
302000 604736
303000 602396
304000 606427
305000 609043
306000 602928
307000 604051
308000 616926
309000 623930
310000 624672
311000 634400
312000 620498
313000 631756
314000 638496
315000 637857
316000 630341
317000 636070
318000 641133
319000 649488
320000 641165
321000 632381
322000 650594
323000 668799
324000 656818
325000 649666
326000 657080
327000 658188
328000 657486
329000 660088
330000 663277
331000 648660
332000 677215
333000 678427
334000 668864
335000 672353
336000 658059
337000 668684
338000 672745
339000 674368
340000 672144
341000 687057
342000 680287
343000 675327
344000 693425
345000 683172
346000 692084
347000 704937
348000 686185
349000 707380
350000 705724
351000 701328
352000 709398
353000 709613
354000 702422
355000 694951
356000 716856
357000 721342
358000 769054
359000 743457
360000 709331
361000 731510
362000 778572
363000 771801
364000 728721
365000 738391
366000 738722
367000 733823
368000 751143
369000 757417
370000 729424
371000 764029
372000 747475
373000 751326
374000 771633
375000 740885
376000 754576
377000 779760
378000 775658
379000 756805
380000 769151
381000 764174
382000 774233
383000 767467
384000 774659
385000 769281
386000 763431
387000 782757
388000 781050
389000 804567
390000 775097
391000 788115
392000 783469
393000 777319
394000 791082
395000 801261
396000 787946
397000 793954
398000 804259
399000 797636
400000 813320
401000 805485
402000 802132
403000 804477
404000 808774
405000 829078
406000 817881
407000 812208
408000 819900
409000 820910
410000 817051
411000 819775
412000 823055
413000 832810
414000 830826
415000 843551
416000 822300
417000 833830
418000 859596
419000 837784
420000 834532
421000 839513
422000 833252
423000 847686
424000 845062
425000 841251
426000 839408
427000 852963
428000 873004
429000 859627
430000 852534
431000 860714
432000 851826
433000 873957
434000 870254
435000 879766
436000 863957
437000 877161
438000 877933
439000 862821
440000 885169
441000 879217
442000 895044
443000 880906
444000 875877
445000 892996
446000 900810
447000 896515
448000 892153
449000 886796
450000 922703
451000 900144
452000 896226
453000 917315
454000 910348
455000 904962
456000 917040
457000 923543
458000 905685
459000 914281
460000 926499
461000 920675
462000 938619
463000 916179
464000 912478
465000 917618
466000 931433
467000 935737
468000 952291
469000 965871
470000 951892
471000 952025
472000 948909
473000 947886
474000 950665
475000 943262
476000 950599
477000 957794
478000 960100
479000 969036
480000 942991
481000 956783
482000 965451
483000 1001024
484000 978843
485000 985083
486000 983514
487000 987686
488000 993308
489000 976344
490000 997563
491000 991673
492000 992524
493000 987896
494000 993881
495000 989399
496000 982703
497000 1007285
498000 1000574
499000 992675
500000 1000642
501000 976423
502000 1006578
503000 1019848
504000 1004052
505000 1013436
506000 1024190
507000 1008724
508000 991135
509000 1004001
510000 1005661
