5000 7985
6000 7214
7000 8698
8000 9684
9000 7239
10000 9526
11000 7206
12000 7721
13000 7781
14000 8061
15000 8269
16000 8042
17000 8159
18000 7567
19000 8945
20000 7299
21000 7245
22000 7242
23000 8725
24000 7331
25000 8045
26000 7772
27000 8156
28000 7271
29000 8060
30000 7973
31000 7410
32000 7608
33000 7824
34000 8354
35000 7693
36000 8472
37000 7867
38000 7953
39000 7743
40000 9059
41000 7364
42000 7470
43000 7694
44000 7345
45000 8179
46000 7815
47000 8466
48000 7952
49000 7506
50000 7386
51000 8863
52000 7964
53000 7402
54000 8053
55000 9029
56000 7356
57000 7736
58000 7447
59000 8730
60000 8154
61000 7937
62000 8218
63000 8157
64000 7862
65000 7932
66000 8198
67000 7380
68000 8534
69000 8735
70000 7935
71000 7485
72000 7766
73000 7942
74000 8334
75000 9022
76000 7883
77000 8854
78000 7901
79000 9209
80000 7424
81000 7964
82000 8567
83000 7530
84000 9903
85000 7666
86000 7935
87000 7959
88000 8661
89000 7586
90000 8392
91000 7509
92000 8116
93000 8171
94000 8424
95000 7611
96000 7981
97000 9146
98000 7530
99000 8933
100000 7556
101000 7714
102000 7926
103000 8835
104000 8236
105000 8360
106000 8662
107000 7601
108000 10177
109000 7173
110000 9746
111000 9446
112000 7712
113000 8331
114000 7606
115000 8311
116000 9677
117000 7844
118000 8393
119000 8784
120000 7780
121000 7940
122000 7909
123000 8056
124000 9427
125000 8062
126000 8324
127000 8523
128000 8755
129000 8286
130000 9981
131000 9417
132000 8088
133000 8710
134000 7634
135000 8335
136000 7723
137000 7707
138000 8036
139000 8568
140000 11106
141000 7665
142000 8108
143000 8001
144000 8328
145000 8679
146000 7758
147000 8062
148000 7802
149000 8736
150000 7684
151000 8125
152000 7477
153000 8255
154000 7678
155000 9682
156000 9761
157000 7729
158000 8968
159000 8510
160000 8049
161000 8007
162000 7843
163000 8408
164000 7814
165000 8118
166000 7818
167000 8676
168000 8081
169000 9226
170000 8007
171000 8058
172000 9641
173000 7800
174000 9207
175000 7984
176000 8642
177000 8456
178000 7946
179000 8846
180000 7784
181000 9037
182000 8281
183000 8515
184000 9667
185000 8089
186000 8132
187000 8105
188000 9969
189000 7872
190000 9414
191000 9409
192000 7872
193000 8097
194000 7825
195000 8080
196000 7957
197000 9415
198000 8097
199000 9591
200000 8879
201000 8007
202000 8112
203000 7887
204000 9244
205000 8080
206000 8550
207000 9352
208000 8495
209000 8935
210000 8382
211000 8838
212000 8580
213000 7910
214000 10173
215000 7962
216000 8542
217000 9765
218000 7920
219000 9340
220000 8396
221000 8975
222000 9336
223000 8005
224000 8235
225000 8319
226000 9640
227000 8183
228000 8597
229000 11227
230000 8070
231000 9348
232000 9309
233000 8115
234000 10427
235000 8502
236000 8123
237000 7990
238000 8526
239000 9079
240000 8118
241000 8724
242000 8546
243000 8581
244000 9267
245000 8550
246000 9862
247000 8588
248000 8067
249000 8946
250000 8041
251000 9146
252000 8704
253000 9481
254000 8406
255000 8059
256000 8539
257000 8671
258000 9231
259000 9068
260000 8100
261000 8982
262000 8450
263000 8174
264000 8981
265000 8616
266000 10996
267000 8625
268000 9693
269000 12291
270000 10048
271000 8213
272000 10730
273000 8142
274000 8880
275000 8393
276000 8190
277000 8904
278000 8184
279000 9321
280000 8994
281000 8189
282000 8465
283000 8174
284000 9253
285000 9369
286000 8526
287000 9739
288000 8654
289000 9466
290000 8496
291000 8578
292000 9631
293000 8450
294000 10007
295000 8192
296000 8376
297000 9831
298000 9240
299000 9114
300000 8252
301000 8299
302000 9083
303000 8228
304000 9244
305000 8452
306000 8667
307000 8562
308000 8393
309000 9344
310000 8711
311000 8889
312000 9289
313000 9442
314000 8771
315000 8270
316000 9393
317000 8624
318000 10196
319000 8482
320000 8287
321000 8904
322000 9151
323000 8496
324000 8695
325000 8344
326000 8115
327000 10171
328000 9433
329000 8659
330000 8437
331000 11455
332000 8429
333000 8538
334000 10206
335000 8527
336000 9002
337000 9673
338000 8477
339000 10533
340000 9189
341000 9294
342000 9727
343000 8366
344000 9286
345000 9681
346000 8467
347000 11413
348000 8834
349000 8990
350000 9616
351000 8991
352000 9952
353000 8873
354000 8461
355000 8950
356000 9490
357000 9174
358000 8735
359000 8457
360000 9613
361000 9350
362000 8791
363000 9794
364000 8804
365000 9510
366000 9193
367000 8931
368000 9817
369000 9384
370000 9260
371000 9694
372000 9449
373000 9179
374000 8830
375000 8540
376000 9187
377000 8611
378000 9122
379000 8537
380000 9844
381000 10599
382000 9892
383000 9006
384000 8542
385000 8551
386000 9096
387000 10006
388000 8553
389000 9171
390000 9297
391000 8993
392000 8555
393000 8802
394000 9189
395000 8582
396000 9928
397000 8848
398000 9529
399000 9807
400000 8575
401000 9075
402000 9195
403000 8966
404000 9606
405000 8796
406000 8997
407000 10959
408000 8715
409000 9556
410000 9014
411000 9491
412000 11154
413000 9429
414000 9247
415000 10107
416000 8683
417000 9625
418000 9446
419000 8810
420000 9836
421000 9211
422000 9263
423000 9842
424000 9294
425000 8866
426000 9941
427000 8929
428000 9565
429000 9160
430000 8932
431000 9787
432000 9219
433000 9187
434000 9693
435000 9674
436000 10310
437000 10665
438000 9055
439000 9925
440000 9173
441000 9384
442000 9401
443000 9804
444000 9362
445000 9341
446000 9130
447000 9225
448000 8845
449000 8984
450000 9065
451000 9057
452000 9516
453000 8871
454000 9198
455000 9466
456000 9192
457000 9302
458000 8876
459000 10976
460000 9451
461000 8793
462000 8151
463000 10483
464000 7359
465000 9350
466000 10790
467000 11046
468000 10054
469000 8807
470000 9570
471000 10293
472000 9330
473000 9933
474000 10636
475000 9484
476000 9528
477000 9223
478000 8883
479000 9832
480000 9268
481000 9227
482000 12109
483000 9471
484000 9687
485000 8928
486000 8902
487000 9412
488000 10204
489000 9016
490000 10308
491000 9397
492000 8989
493000 9663
494000 10277
495000 9256
496000 10032
497000 9434
498000 10049
499000 12257
500000 10228
501000 9010
502000 9788
503000 9401
504000 9019
505000 10343
506000 10568
507000 9259
508000 9326
509000 9612
510000 9082
