0 0 0
10 0 12
20 0 42
30 1 186
40 2 282
50 4 551
60 6 856
70 8 859
80 11 1191
90 14 1449
100 17 2100
110 20 2468
120 23 2773
130 31 3044
140 36 3474
150 42 4167
160 46 4679
170 52 5170
180 58 5641
190 64 5984
200 70 8342
210 77 8958
220 85 9992
230 92 10680
240 99 11525
250 106 11807
260 130 13080
270 140 13974
280 151 14566
290 161 15843
300 170 16412
310 181 17140
320 192 19219
330 202 20174
340 216 21690
350 229 22558
360 241 23661
370 253 24166
380 267 25501
390 272 32800
400 285 33734
410 299 35328
420 313 36351
430 325 37564
440 338 38790
450 356 41282
460 370 42725
470 382 43088
480 409 46170
490 415 47689
500 431 48692
510 447 50653
520 515 52399
530 536 54099
540 550 55168
550 574 57094
560 600 58586
570 613 60266
580 633 62573
590 655 63589
600 676 65472
610 697 66655
620 713 67617
630 734 68805
640 761 76346
650 786 78979
660 805 80024
670 831 81927
680 851 84048
690 875 84742
700 897 86752
710 922 88333
720 949 90468
730 970 92479
740 990 92014
750 1013 93753
760 1041 95508
770 1030 122025
780 1054 123588
790 1073 124271
800 1101 125981
810 1125 128769
820 1158 131327
830 1173 132466
840 1200 135024
850 1227 136228
860 1256 139926
870 1287 145054
880 1315 147799
890 1343 150276
900 1375 156221
910 1406 159075
920 1438 161595
930 1465 163796
940 1490 166001
950 1512 167326
960 1563 176630
970 1585 178084
980 1625 181591
990 1648 182893
1000 1670 181664
