0 0 0
10 0 16
20 1 60
30 2 202
40 4 390
50 6 611
60 9 970
70 12 1235
80 15 1573
90 20 2043
100 24 2420
110 28 2886
120 33 3415
130 38 4048
140 44 4797
150 53 5626
160 58 6242
170 65 7014
180 74 7963
190 80 8740
200 87 9571
210 95 10478
220 105 11916
230 113 12970
240 127 14165
250 136 15349
260 148 17036
270 158 18415
280 177 19758
290 182 21625
300 193 22722
310 205 24366
320 218 25738
330 231 27791
340 247 30069
350 261 31665
360 277 33865
370 291 35176
380 310 37191
390 324 39270
400 341 41063
410 357 43261
420 373 45080
430 390 47221
440 407 48992
450 435 50861
460 443 53156
470 471 54890
480 480 57630
490 500 59863
500 520 62616
510 539 64681
520 559 67264
530 583 70794
540 602 72819
550 626 76023
560 650 79599
570 672 82644
580 697 86071
590 721 89208
600 744 91738
610 774 94463
620 799 97530
630 823 100478
640 849 103731
650 877 107648
660 904 111500
670 930 114924
680 958 118517
690 990 122068
700 1013 125326
710 1041 128843
720 1069 132193
730 1098 135774
740 1129 140089
750 1162 143251
760 1188 146981
770 1215 149242
780 1241 152251
790 1274 154864
800 1304 159281
810 1336 163388
820 1369 166533
830 1399 169988
840 1434 174983
850 1467 178890
860 1504 184690
870 1545 189508
880 1575 194457
890 1611 198066
900 1647 202813
910 1682 207702
920 1723 212709
930 1757 216911
940 1792 220519
950 1835 225439
960 1870 231656
970 1908 236099
980 1950 241120
990 1995 244433
1000 2032 248948
