0 0 0
10 0 16
20 0 60
30 1 202
40 2 390
50 4 611
60 6 970
70 9 1235
80 11 1573
90 14 2043
100 18 2420
110 21 2886
120 25 3415
130 30 4048
140 35 4797
150 40 5626
160 46 6242
170 51 7014
180 57 7963
190 64 8740
200 70 9571
210 77 10478
220 86 11916
230 92 12970
240 108 14165
250 112 15349
260 118 17036
270 128 18415
280 138 19758
290 148 21625
300 158 22722
310 169 24366
320 179 25738
330 190 27791
340 211 30069
350 215 31665
360 229 33865
370 240 35176
380 253 37191
390 267 39270
400 282 41063
410 295 43261
420 307 45080
430 321 47221
440 336 48992
450 351 50861
460 366 53156
470 380 54890
480 400 57630
490 414 59863
500 432 62616
510 448 64681
520 465 67264
530 485 70794
540 501 72819
550 522 76023
560 542 79599
570 561 82644
580 583 86071
590 603 89208
600 621 91738
610 642 94463
620 663 97530
630 685 100478
640 708 103731
650 729 107648
660 752 111500
670 775 114924
680 799 118517
690 823 122068
700 845 125326
710 869 128843
720 893 132193
730 917 135774
740 948 140089
750 967 143251
760 994 146981
770 1017 149242
780 1038 152251
790 1063 154864
800 1092 159281
810 1118 163388
820 1143 166533
830 1170 169988
840 1200 174983
850 1230 178890
860 1261 184690
870 1292 189508
880 1325 194457
890 1352 198066
900 1381 202813
910 1412 207702
920 1446 212709
930 1482 216911
940 1505 220519
950 1537 225439
960 1576 231656
970 1605 236099
980 1641 241120
990 1667 244433
1000 1703 248948
