0 0 0
10 0 16
20 0 60
30 1 202
40 3 390
50 4 611
60 6 970
70 10 1235
80 13 1573
90 16 2043
100 18 2420
110 21 2886
120 25 3415
130 34 4048
140 39 4797
150 45 5626
160 50 6242
170 56 7014
180 63 7963
190 70 8740
200 70 9571
210 78 10478
220 86 11916
230 93 12970
240 101 14165
250 109 15349
260 134 17036
270 144 18415
280 154 19758
290 166 21625
300 177 22722
310 189 24366
320 198 25738
330 212 27791
340 225 30069
350 238 31665
360 252 33865
370 264 35176
380 279 37191
390 270 39270
400 283 41063
410 298 43261
420 311 45080
430 327 47221
440 340 48992
450 353 50861
460 369 53156
470 383 54890
480 401 57630
490 420 59863
500 433 62616
510 452 64681
520 523 67264
530 545 70794
540 564 72819
550 586 76023
560 609 79599
570 634 82644
580 653 86071
590 675 89208
600 698 91738
610 719 94463
620 744 97530
630 768 100478
640 780 103731
650 806 107648
660 832 111500
670 858 114924
680 884 118517
690 910 122068
700 934 125326
710 960 128843
720 986 132193
730 1015 135774
740 1042 140089
750 1071 143251
760 1097 146981
770 1029 149242
780 1054 152251
790 1080 154864
800 1107 159281
810 1136 163388
820 1160 166533
830 1187 169988
840 1216 174983
850 1245 178890
860 1279 184690
870 1309 189508
880 1340 194457
890 1370 198066
900 1393 202813
910 1424 207702
920 1456 212709
930 1487 216911
940 1517 220519
950 1555 225439
960 1591 231656
970 1619 236099
980 1658 241120
990 1681 244433
1000 1712 248948
